(-6, -3) : (-165.0, -85.0)
(-6, -2) : (-165.0, -45.0)
(-6, -1) : (-165.0, -25.0)
(-6, 0) : (-165.0, 15.0)
(-6, 1) : (-165.0, 35.0)
(-5, -4) : (-145.0, -105.0)
(-5, -3) : (-145.0, -85.0)
(-5, -2) : (-145.0, -45.0)
(-5, -1) : (-145.0, -25.0)
(-5, 0) : (-145.0, 15.0)
(-5, 1) : (-145.0, 35.0)
(-5, 2) : (-145.0, 75.0)
(-5, 3) : (-145.0, 95.0)
(-4, -5) : (-105.0, -145.0)
(-4, -4) : (-105.0, -105.0)
(-4, -3) : (-105.0, -85.0)
(-4, -2) : (-105.0, -45.0)
(-4, -1) : (-105.0, -25.0)
(-4, 0) : (-105.0, 15.0)
(-4, 1) : (-105.0, 35.0)
(-4, 2) : (-105.0, 75.0)
(-4, 3) : (-105.0, 95.0)
(-3, -6) : (-85.0, -165.0)
(-3, -5) : (-85.0, -145.0)
(-3, -4) : (-85.0, -105.0)
(-3, -3) : (-85.0, -85.0)
(-3, -2) : (-85.0, -45.0)
(-3, -1) : (-85.0, -25.0)
(-3, 0) : (-85.0, 15.0)
(-3, 1) : (-85.0, 35.0)
(-3, 2) : (-85.0, 75.0)
(-3, 3) : (-85.0, 95.0)
(-3, 4) : (-85.0, 135.0)
(-2, -6) : (-45.0, -165.0)
(-2, -5) : (-45.0, -145.0)
(-2, -4) : (-45.0, -105.0)
(-2, -3) : (-45.0, -85.0)
(-2, -2) : (-45.0, -45.0)
(-2, -1) : (-45.0, -25.0)
(-2, 0) : (-45.0, 15.0)
(-2, 1) : (-45.0, 35.0)
(-2, 2) : (-45.0, 75.0)
(-2, 3) : (-45.0, 95.0)
(-2, 4) : (-45.0, 135.0)
(-1, -6) : (-25.0, -165.0)
(-1, -5) : (-25.0, -145.0)
(-1, -4) : (-25.0, -105.0)
(-1, -3) : (-25.0, -85.0)
(-1, -2) : (-25.0, -45.0)
(-1, -1) : (-25.0, -25.0)
(-1, 0) : (-25.0, 15.0)
(-1, 1) : (-25.0, 35.0)
(-1, 2) : (-25.0, 75.0)
(-1, 3) : (-25.0, 95.0)
(-1, 4) : (-25.0, 135.0)
(0, -6) : (15.0, -165.0)
(0, -5) : (15.0, -145.0)
(0, -4) : (15.0, -105.0)
(0, -3) : (15.0, -85.0)
(0, -2) : (15.0, -45.0)
(0, -1) : (15.0, -25.0)
(0, 0) : (15.0, 15.0)
(0, 1) : (15.0, 35.0)
(0, 2) : (15.0, 75.0)
(0, 3) : (15.0, 95.0)
(0, 4) : (15.0, 135.0)
(1, -6) : (35.0, -165.0)
(1, -5) : (35.0, -145.0)
(1, -4) : (35.0, -105.0)
(1, -3) : (35.0, -85.0)
(1, -2) : (35.0, -45.0)
(1, -1) : (35.0, -25.0)
(1, 0) : (35.0, 15.0)
(1, 1) : (35.0, 35.0)
(1, 2) : (35.0, 75.0)
(1, 3) : (35.0, 95.0)
(1, 4) : (35.0, 135.0)
(2, -5) : (75.0, -145.0)
(2, -4) : (75.0, -105.0)
(2, -3) : (75.0, -85.0)
(2, -2) : (75.0, -45.0)
(2, -1) : (75.0, -25.0)
(2, 0) : (75.0, 15.0)
(2, 1) : (75.0, 35.0)
(2, 2) : (75.0, 75.0)
(2, 3) : (75.0, 95.0)
(3, -5) : (95.0, -145.0)
(3, -4) : (95.0, -105.0)
(3, -3) : (95.0, -85.0)
(3, -2) : (95.0, -45.0)
(3, -1) : (95.0, -25.0)
(3, 0) : (95.0, 15.0)
(3, 1) : (95.0, 35.0)
(3, 2) : (95.0, 75.0)
(3, 3) : (95.0, 95.0)
(4, -3) : (135.0, -85.0)
(4, -2) : (135.0, -45.0)
(4, -1) : (135.0, -25.0)
(4, 0) : (135.0, 15.0)
(4, 1) : (135.0, 35.0)
